average, min, max
Tracing: (5.37935, 5.318, 5.459)
Model: (5.01005, 4.99, 5.04)
Model: (0.3693, 0.328, 0.419)
